0.0017300 0.0000003 0.0000003
0.0051895 0.0034597 0.0000003
0.0242164 0.0155678 0.0086489
0.0000003 0.0034597 0.0000003
0.0000003 0.0017300 0.0000003
0.0000003 0.0017300 0.0000003
0.0017300 0.0000003 0.0017300
0.0000003 0.0000003 0.0051895
0.0190272 0.0103786 0.0000003
0.0017300 0.0017300 0.0000003
0.0017300 0.0034597 0.0017300
0.0017300 0.0000003 0.0000003
0.0034597 0.0000003 0.0000003
0.0000003 0.0000003 0.0017300
0.0034597 0.0069192 0.0069192
0.0138381 0.0086489 0.0034597
0.0051895 0.0069192 0.0017300
0.0017300 0.0000003 0.0000003
0.0086489 0.0103786 0.0000003
0.0017300 0.0000003 0.0017300
0.0017300 0.0000003 0.0000003
0.0000003 0.0017300 0.0000003
0.0000003 0.0190272 0.0000003
0.0000003 0.0000003 0.0017300
0.0000003 0.0017300 0.0000003
0.0000003 0.0069192 0.0000003
0.0000003 0.0000003 0.0121083
0.0017300 0.0017300 0.0017300
0.0051895 0.0017300 0.0017300
0.0103786 0.0103786 0.0190272
0.0000003 0.0017300 0.0000003
0.0017300 0.0000003 0.0000003
0.0000003 0.0000003 0.0017300
0.0000003 0.0017300 0.0000003
0.0000003 0.0000003 0.0034597
0.0017300 0.0017300 0.0000003
0.0000003 0.0000003 0.0017300
0.0000003 0.0000003 0.0017300
0.0017300 0.0000003 0.0103786
0.0000003 0.0000003 0.0017300
0.0017300 0.0051895 0.0034597
0.0000003 0.0000003 0.0017300
0.0000003 0.0000003 0.0051895
0.0017300 0.0034597 0.0017300
0.0086489 0.0034597 0.0000003
0.0000003 0.0017300 0.0000003
0.0000003 0.0017300 0.0000003
0.0000003 0.0017300 0.0000003
0.0000003 0.0017300 0.0000003
0.0069192 0.0034597 0.0000003
0.0000003 0.0017300 0.0000003
0.0000003 0.0017300 0.0000003
0.0000003 0.0000003 0.0017300
0.0017300 0.0000003 0.0000003
0.0051895 0.0017300 0.0000003
0.0017300 0.0017300 0.0000003
0.0017300 0.0000003 0.0000003
0.0017300 0.0000003 0.0000003
0.0000003 0.0000003 0.0017300
0.1141619 0.0449731 0.0155678
0.0034597 0.0000003 0.0000003
0.0017300 0.0000003 0.0034597
0.0017300 0.0017300 0.0000003
0.0000003 0.0034597 0.0000003
0.3372959 0.1747021 0.0311353
0.1418374 0.0605405 0.0190272
0.0000003 0.0017300 0.0017300
0.0017300 0.0000003 0.0000003
0.0000003 0.0017300 0.0000003
0.0000003 0.0017300 0.0000003
0.0121083 0.0069192 0.0000003
0.0000003 0.0000003 0.0017300
0.0000003 0.0017300 0.0000003
0.0000003 0.0034597 0.0000003
0.0000003 0.0017300 0.0000003
0.0000003 0.0000003 0.0017300
0.0034597 0.0017300 0.0000003
0.0553514 0.0311353 0.0086489
0.0000003 0.0000003 0.0017300
0.0017300 0.0000003 0.0000003
0.0000003 0.0017300 0.0000003
0.0000003 0.0034597 0.0017300
0.0000003 0.0000003 0.0017300
0.0051895 0.0000003 0.0000003
0.0363244 0.0311353 0.0172975
0.0155678 0.0172975 0.0017300
0.0086489 0.0034597 0.0017300
0.0051895 0.0000003 0.0017300
0.0017300 0.0017300 0.0017300
0.0000003 0.0000003 0.0034597
0.0000003 0.0000003 0.0017300
0.0000003 0.0000003 0.0017300
0.0086489 0.0017300 0.0017300
0.0017300 0.0000003 0.0000003
0.0017300 0.0000003 0.0000003
0.0017300 0.0000003 0.0000003
0.0000003 0.0017300 0.0000003
0.0000003 0.0017300 0.0000003
0.0017300 0.0000003 0.0000003
0.0103786 0.0138381 0.0000003
0.0000003 0.0017300 0.0000003
0.0017300 0.0000003 0.0000003
0.0000003 0.0000003 0.0017300
0.0034597 0.0000003 0.0000003
0.0000003 0.0000003 0.0017300
0.0000003 0.0017300 0.0000003
0.0000003 0.0000003 0.0017300
0.0121083 0.0121083 0.0138381
0.0103786 0.0000003 0.0017300
0.0017300 0.0000003 0.0000003
0.0000003 0.0017300 0.0000003
0.0000003 0.0000003 0.0017300
0.0017300 0.0086489 0.0051895
0.0017300 0.0000003 0.0017300
0.0000003 0.0000003 0.0017300
0.0017300 0.0000003 0.0000003
0.0017300 0.0000003 0.0000003
0.0000003 0.0017300 0.0000003
0.0000003 0.0000003 0.0017300
0.0190272 0.0103786 0.0017300
0.0034597 0.0051895 0.0000003
0.0017300 0.0000003 0.0000003
0.0017300 0.0000003 0.0000003
0.0017300 0.0017300 0.0000003
0.0000003 0.0017300 0.0830269
0.0000003 0.0017300 0.0000003
0.0000003 0.0000003 0.0017300
0.0000003 0.0017300 0.0000003
0.0051895 0.0086489 0.0017300
0.0017300 0.0017300 0.0000003
0.0017300 0.0000003 0.0000003
0.0000003 0.0000003 0.0017300
0.0000003 0.0000003 0.0017300
0.0017300 0.0017300 0.0155678
0.0017300 0.0000003 0.0000003
0.0363244 0.0311353 0.0294056
0.0121083 0.0086489 0.0034597
0.0138381 0.0415136 0.0155678
0.0000003 0.0017300 0.0000003
0.0017300 0.0000003 0.0000003
0.0000003 0.0034597 0.0034597
0.0017300 0.0000003 0.0000003
0.0017300 0.0069192 0.0017300
0.0069192 0.0051895 0.0051895
0.0051895 0.0121083 0.0086489
0.0121083 0.0103786 0.0138381
0.0000003 0.0000003 0.0017300
0.0000003 0.0000003 0.0051895
0.0000003 0.0034597 0.0017300
0.0000003 0.0000003 0.0069192
0.0242164 0.0847566 0.0259461
0.0017300 0.0000003 0.0000003
0.0000003 0.0051895 0.0069192
0.0017300 0.0000003 0.0000003
0.0017300 0.0000003 0.0000003
0.0000003 0.0000003 0.0017300
0.0017300 0.0000003 0.0000003
0.0000003 0.0051895 0.0000003
0.0000003 0.0069192 0.0000003
0.0000003 0.0017300 0.0000003
0.0051895 0.0103786 0.0069192
0.0034597 0.0190272 0.0034597
0.0172975 0.0051895 0.0051895
0.0017300 0.0000003 0.0000003
0.0000003 0.0017300 0.0000003
0.0017300 0.0000003 0.0000003
0.0000003 0.0000003 0.0017300
0.0017300 0.0190272 0.0051895
0.0017300 0.0000003 0.0017300
0.0000003 0.0000003 0.0086489
0.0017300 0.0051895 0.0051895
0.0034597 0.0000003 0.0000003
0.0017300 0.0000003 0.0000003
0.0069192 0.0069192 0.0155678
0.0017300 0.0000003 0.0000003
0.0000003 0.0017300 0.0000003
0.0000003 0.0017300 0.0000003
0.0000003 0.0034597 0.0000003
0.0017300 0.0000003 0.0000003
0.0000003 0.0000003 0.0276758
0.0000003 0.0000003 0.0017300
0.0017300 0.0000003 0.0000003
0.0000003 0.0000003 0.0017300
0.0000003 0.0000003 0.0034597
0.0000003 0.0017300 0.0000003
0.0034597 0.0017300 0.0000003
0.0000003 0.0017300 0.0017300
0.0017300 0.0000003 0.0000003
0.0000003 0.0017300 0.0000003
0.0121083 0.0242164 0.0034597
0.0000003 0.0034597 0.0000003
0.0017300 0.0000003 0.0000003
0.0000003 0.0000003 0.0017300
0.0000003 0.0103786 0.0051895
0.0017300 0.0000003 0.0000003
0.0000003 0.0017300 0.0017300
0.0017300 0.0034597 0.0017300
0.0000003 0.0034597 0.0017300
0.0017300 0.0000003 0.0000003
0.0000003 0.0000003 0.0051895
0.0155678 0.0103786 0.0017300
0.0000003 0.0017300 0.0017300
0.0000003 0.0017300 0.0000003
0.0000003 0.0017300 0.0000003
0.0017300 0.0000003 0.0000003
0.0000003 0.0000003 0.0069192
0.0000003 0.0000003 0.0017300
0.0432433 0.0328650 0.0311353
0.0138381 0.0276758 0.0034597
0.0000003 0.0017300 0.0000003
0.0000003 0.0017300 0.0034597
0.0017300 0.0000003 0.0000003
0.0207570 0.0259461 0.0242164
0.0017300 0.0000003 0.0000003
0.0000003 0.0034597 0.0017300
0.0000003 0.0017300 0.0000003
0.0017300 0.0000003 0.0000003
0.0051895 0.0000003 0.0000003
0.0657297 0.0449731 0.0051895
0.0017300 0.0000003 0.0000003
0.0051895 0.0017300 0.0000003
0.0034597 0.0051895 0.0000003
0.0103786 0.0000003 0.0000003
0.0017300 0.0000003 0.0000003
0.0432433 0.0294056 0.0000003
0.0034597 0.0000003 0.0000003
0.0000003 0.0000003 0.0017300
0.0017300 0.0000003 0.0000003
0.0034597 0.0017300 0.0034597
0.0000003 0.0000003 0.0017300
0.0000003 0.0000003 0.0017300
0.0000003 0.0017300 0.0000003
0.0000003 0.0000003 0.0017300
0.0017300 0.0000003 0.0034597
0.0000003 0.0017300 0.0000003
0.0000003 0.0000003 0.0017300
0.0034597 0.0000003 0.0000003
0.0017300 0.0000003 0.0000003
0.0000003 0.0000003 0.0017300
0.0000003 0.0000003 0.0017300
0.0000003 0.0000003 0.0017300
0.0000003 0.0000003 0.0121083
0.0000003 0.0000003 0.0017300
0.0051895 0.0051895 0.0034597
0.0017300 0.0000003 0.0000003
0.0017300 0.0000003 0.0000003
0.0000003 0.0017300 0.0000003
0.0000003 0.0000003 0.0830269
0.0017300 0.0034597 0.0000003
0.0017300 0.0000003 0.0000003
0.0000003 0.0000003 0.0017300
0.0000003 0.0000003 0.0051895
0.0000003 0.0017300 0.0034597
0.0017300 0.0000003 0.0000003
0.0000003 0.0017300 0.0000003
0.0017300 0.0000003 0.0000003
0.0000003 0.0000003 0.0017300
0.0017300 0.0000003 0.0000003
0.0000003 0.0086489 0.0000003
0.0000003 0.0017300 0.0017300
0.0000003 0.0017300 0.0017300
0.0000003 0.0000003 0.0017300
0.0000003 0.0034597 0.0000003
0.0017300 0.0000003 0.0034597
0.1574049 0.0830269 0.0017300
0.0311353 0.0242164 0.0034597
0.0000003 0.0000003 0.0121083
0.0051895 0.0051895 0.0051895
0.0034597 0.0000003 0.0000003
0.0017300 0.0000003 0.0000003
0.0017300 0.0000003 0.0000003
0.0017300 0.0000003 0.0415136
0.0000003 0.0000003 0.0034597
0.0000003 0.0000003 0.0017300
0.0000003 0.0017300 0.0000003
0.0069192 0.0051895 0.0069192
0.0000003 0.0017300 0.0000003
0.0000003 0.0000003 0.0017300
0.0017300 0.0000003 0.0000003
0.0000003 0.0000003 0.0017300
0.0000003 0.0017300 0.0000003
0.0017300 0.0000003 0.0000003
0.0484325 0.0518919 0.0034597
0.0000003 0.0000003 0.0017300
0.0017300 0.0000003 0.0017300
0.0000003 0.0017300 0.0000003
0.0086489 0.0069192 0.0000003
0.0017300 0.0017300 0.0017300
0.0000003 0.0017300 0.0000003
0.0000003 0.0000003 0.0017300
0.0017300 0.0000003 0.0000003
0.0000003 0.0000003 0.0121083
0.0034597 0.0000003 0.0000003
0.0000003 0.0051895 0.0034597
0.0017300 0.0017300 0.0000003
0.0000003 0.0017300 0.0000003
0.0017300 0.0017300 0.0000003
0.0000003 0.0000003 0.0017300
0.0242164 0.0605405 0.3044312
0.0017300 0.0000003 0.0000003
0.0000003 0.0000003 0.0017300
0.0017300 0.0069192 0.0017300
0.0069192 0.0086489 0.0086489
0.0000003 0.0000003 0.0017300
0.0000003 0.0017300 0.0000003
0.0000003 0.0017300 0.0000003
0.0000003 0.0017300 0.0000003
0.0000003 0.0000003 0.0034597
0.0155678 0.0138381 0.0138381
0.0000003 0.0000003 0.0017300
0.0069192 0.0069192 0.0086489
0.0000003 0.0017300 0.0017300
0.0000003 0.0017300 0.0000003
0.0000003 0.0000003 0.0017300
0.0000003 0.0017300 0.0000003
0.0000003 0.0017300 0.0000003
0.0034597 0.0017300 0.0000003
0.0000003 0.0000003 0.0017300
0.0000003 0.0000003 0.0017300
0.0000003 0.0017300 0.0000003
0.0017300 0.0017300 0.0034597
0.0017300 0.0000003 0.0000003
0.0000003 0.0017300 0.0000003
0.0017300 0.0000003 0.0000003
0.0000003 0.0000003 0.0017300
0.0761080 0.2490802 0.3580526
0.0000003 0.0017300 0.0000003
0.0017300 0.0000003 0.0000003
0.0034597 0.0017300 0.0017300
0.0017300 0.0000003 0.0000003
0.0000003 0.0017300 0.0000003
0.0034597 0.0000003 0.0000003
0.0017300 0.0017300 0.0034597
0.0051895 0.0034597 0.0190272
0.0000003 0.0000003 0.0017300
0.0311353 0.0242164 0.0276758
0.0017300 0.0000003 0.0000003
0.0242164 0.0224867 0.0224867
0.0000003 0.0017300 0.0017300
0.0000003 0.0000003 0.0017300
0.0000003 0.0051895 0.0000003
0.0017300 0.0017300 0.0000003
0.0000003 0.0000003 0.0017300
0.0155678 0.0190272 0.0069192
