0.0021249 0.0003648 0.0003648
0.0021249 0.0074051 0.0003648
0.0021249 0.0038850 0.0003648
0.0003648 0.0021249 0.0003648
0.0003648 0.0021249 0.0003648
0.0003648 0.0021249 0.0003648
0.0003648 0.0003648 0.0021249
0.0566872 0.0074051 0.0285260
0.0003648 0.0003648 0.0021249
0.0021249 0.0003648 0.0003648
0.0021249 0.0003648 0.0003648
0.0003648 0.0003648 0.0021249
0.0003648 0.0003648 0.0021249
0.0003648 0.0003648 0.0021249
0.0021249 0.0179656 0.0003648
0.0021249 0.0003648 0.0003648
0.0003648 0.0003648 0.0056450
0.0003648 0.0003648 0.0021249
0.0003648 0.0003648 0.0021249
0.0021249 0.0003648 0.0003648
0.0021249 0.0003648 0.0003648
0.0021249 0.0021249 0.0021249
0.0021249 0.0074051 0.0126854
0.0021249 0.0003648 0.0003648
0.0021249 0.0003648 0.0003648
0.0003648 0.0003648 0.0056450
0.0003648 0.0003648 0.0038850
0.0003648 0.0003648 0.0109253
0.0003648 0.0003648 0.0021249
0.0003648 0.0003648 0.0021249
0.0003648 0.0003648 0.0021249
0.0795682 0.0250059 0.0426066
0.0091652 0.0091652 0.0091652
0.0003648 0.0003648 0.0021249
0.0003648 0.0003648 0.0021249
0.0021249 0.0003648 0.0003648
0.0074051 0.0038850 0.0021249
0.0021249 0.0021249 0.0003648
0.0003648 0.0021249 0.0003648
0.0003648 0.0109253 0.0003648
0.0003648 0.0038850 0.0003648
0.0003648 0.0021249 0.0003648
0.0021249 0.0003648 0.0003648
0.0003648 0.0302861 0.0003648
0.0003648 0.0038850 0.0003648
0.0021249 0.0021249 0.0003648
0.0003648 0.0003648 0.0021249
0.0038850 0.0003648 0.0056450
0.0003648 0.0038850 0.0003648
0.0021249 0.0003648 0.0003648
0.0003648 0.0003648 0.0021249
0.0003648 0.0003648 0.0021249
0.1165298 0.0003648 0.0038850
0.0021249 0.0003648 0.0003648
0.0021249 0.0021249 0.0038850
0.0021249 0.0021249 0.0003648
0.0056450 0.0003648 0.0003648
0.0038850 0.0056450 0.0038850
0.0021249 0.0003648 0.0003648
0.0320462 0.0232458 0.0285260
0.0003648 0.0003648 0.0021249
0.0003648 0.0021249 0.0003648
0.0021249 0.0021249 0.0021249
0.0003648 0.0021249 0.0214857
0.0003648 0.0003648 0.0021249
0.0003648 0.0021249 0.0003648
0.0003648 0.0021249 0.0003648
0.0021249 0.0003648 0.0003648
0.0162055 0.0109253 0.0109253
0.0021249 0.0056450 0.0003648
0.0021249 0.0003648 0.0003648
0.0003648 0.0021249 0.0003648
0.0003648 0.0003648 0.0038850
0.0003648 0.0038850 0.0003648
0.0003648 0.0021249 0.0003648
0.0038850 0.0003648 0.0021249
0.0003648 0.0021249 0.0003648
0.0003648 0.0003648 0.0021249
0.0021249 0.0021249 0.0003648
0.0038850 0.0038850 0.0038850
0.0003648 0.0003648 0.0021249
0.0003648 0.0003648 0.0144454
0.0003648 0.0021249 0.0003648
0.0038850 0.0021249 0.0038850
0.0003648 0.0021249 0.0003648
0.0126854 0.0056450 0.0021249
0.0003648 0.0021249 0.0003648
0.0003648 0.0021249 0.0003648
0.0003648 0.0021249 0.0003648
0.0003648 0.0038850 0.0003648
0.0162055 0.4122226 0.0021249
0.0003648 0.0003648 0.0461268
0.0003648 0.0038850 0.0003648
0.0162055 0.0021249 0.0003648
0.0091652 0.0038850 0.0021249
0.0003648 0.0021249 0.0003648
0.0021249 0.0003648 0.0003648
0.0021249 0.0038850 0.0038850
0.0003648 0.0021249 0.0003648
0.0021249 0.0003648 0.0003648
0.0021249 0.0021249 0.0003648
0.0003648 0.0056450 0.0003648
0.0021249 0.0003648 0.0003648
0.0021249 0.0021249 0.0021249
0.0021249 0.0003648 0.0003648
0.0021249 0.0021249 0.0021249
0.0003648 0.0021249 0.0003648
0.0074051 0.0144454 0.0074051
0.0021249 0.0021249 0.0021249
0.0003648 0.0021249 0.0003648
0.0003648 0.0003648 0.0021249
0.0038850 0.0021249 0.0021249
0.0021249 0.0003648 0.0003648
0.0003648 0.0021249 0.0003648
0.0056450 0.0021249 0.0197257
0.0003648 0.0003648 0.0250059
0.0003648 0.0003648 0.0021249
0.0003648 0.0003648 0.0021249
0.0003648 0.0021249 0.0003648
0.0003648 0.0021249 0.0003648
0.0038850 0.0038850 0.0003648
0.0003648 0.0003648 0.0021249
0.0003648 0.0003648 0.0038850
0.0021249 0.0021249 0.0021249
0.0003648 0.0003648 0.0021249
0.0003648 0.0038850 0.0003648
0.0021249 0.0003648 0.0021249
0.0056450 0.0021249 0.0003648
0.0003648 0.0144454 0.0003648
0.0003648 0.0021249 0.0003648
0.0021249 0.0003648 0.0003648
0.0038850 0.0003648 0.0021249
0.0003648 0.0038850 0.0003648
0.0021249 0.0003648 0.0003648
0.0003648 0.0003648 0.0091652
0.0091652 0.0021249 0.0021249
0.0021249 0.0003648 0.0003648
0.0021249 0.0003648 0.0003648
0.0021249 0.0003648 0.0003648
0.0003648 0.0021249 0.0003648
0.0003648 0.0003648 0.0126854
0.0003648 0.0021249 0.0003648
0.0003648 0.0003648 0.0021249
0.0021249 0.0003648 0.0021249
0.0056450 0.0091652 0.0021249
0.0021249 0.0038850 0.0021249
0.0003648 0.0021249 0.0003648
0.0038850 0.0003648 0.0038850
0.0074051 0.0074051 0.0003648
0.0021249 0.0021249 0.0021249
0.0021249 0.0021249 0.0003648
0.0038850 0.0003648 0.0003648
0.0003648 0.0003648 0.0021249
0.0021249 0.0003648 0.0003648
0.0021249 0.0021249 0.0250059
0.0038850 0.0003648 0.0021249
0.0021249 0.0003648 0.0021249
0.0003648 0.0003648 0.0021249
0.0021249 0.0003648 0.0074051
0.0021249 0.0003648 0.0003648
0.0003648 0.0003648 0.0056450
0.0478869 0.0038850 0.0021249
0.0003648 0.0003648 0.0021249
0.0021249 0.0003648 0.0003648
0.0003648 0.0003648 0.0056450
0.0003648 0.0003648 0.0021249
0.0003648 0.0021249 0.0003648
0.0021249 0.0003648 0.0003648
0.0056450 0.0056450 0.0056450
0.0003648 0.0003648 0.0056450
0.0003648 0.0003648 0.0021249
0.0021249 0.0003648 0.0003648
0.0003648 0.0003648 0.0021249
0.0003648 0.0021249 0.0003648
0.0003648 0.0021249 0.0003648
0.0003648 0.0003648 0.0021249
0.0003648 0.0003648 0.0021249
0.0003648 0.0021249 0.0021249
0.0003648 0.0021249 0.0003648
0.0461268 0.0038850 0.0021249
0.0021249 0.0021249 0.0091652
0.0003648 0.0021249 0.0003648
0.0021249 0.0003648 0.0003648
0.0021249 0.0021249 0.0021249
0.0056450 0.0021249 0.0003648
0.0021249 0.0038850 0.0056450
0.0003648 0.0003648 0.0021249
0.0003648 0.0021249 0.0003648
0.0003648 0.0021249 0.0003648
0.0021249 0.0003648 0.0003648
0.0003648 0.0003648 0.0021249
0.0003648 0.0003648 0.0021249
0.0003648 0.0021249 0.0003648
0.0021249 0.0003648 0.0003648
0.0003648 0.0003648 0.0021249
0.0003648 0.0021249 0.0003648
0.0021249 0.0003648 0.0003648
0.0003648 0.0003648 0.0038850
0.0021249 0.0003648 0.0162055
0.0003648 0.0003648 0.0021249
0.0021249 0.0021249 0.0021249
0.0003648 0.0038850 0.0003648
0.0003648 0.0038850 0.0003648
0.0003648 0.0003648 0.0021249
0.0021249 0.0003648 0.0003648
0.0021249 0.0021249 0.0021249
0.0003648 0.0021249 0.0003648
0.0003648 0.0003648 0.0021249
0.0003648 0.0074051 0.0003648
0.0038850 0.0021249 0.0003648
0.0021249 0.0003648 0.0003648
0.0003648 0.0003648 0.0021249
0.0021249 0.0021249 0.0003648
0.0003648 0.0038850 0.0003648
0.0021249 0.0021249 0.0003648
0.0074051 0.0197257 0.0003648
0.0021249 0.0003648 0.0003648
0.0003648 0.0003648 0.0021249
0.0003648 0.0021249 0.0003648
0.0021249 0.0003648 0.0003648
0.0021249 0.0003648 0.0021249
0.0038850 0.0003648 0.0003648
0.0021249 0.0021249 0.0021249
0.0003648 0.0021249 0.0003648
0.0003648 0.0003648 0.0021249
0.0038850 0.0003648 0.0003648
0.0038850 0.0003648 0.0003648
0.0003648 0.0285260 0.0003648
0.0021249 0.0003648 0.0003648
0.0003648 0.0003648 0.0038850
0.0003648 0.0003648 0.0021249
0.0003648 0.0003648 0.0021249
0.0021249 0.0003648 0.0003648
0.0003648 0.0003648 0.0021249
0.0021249 0.0021249 0.0003648
0.0003648 0.0021249 0.0003648
0.0021249 0.0003648 0.0021249
0.0003648 0.0003648 0.0021249
0.0003648 0.0003648 0.0162055
0.0021249 0.0021249 0.0021249
0.0091652 0.0214857 0.0109253
0.0003648 0.0074051 0.0021249
0.0021249 0.0003648 0.0003648
0.0021249 0.0003648 0.0021249
0.0003648 0.0021249 0.0003648
0.0003648 0.0003648 0.0056450
0.0003648 0.0038850 0.0003648
0.0021249 0.0021249 0.0003648
0.0003648 0.0003648 0.0021249
0.0021249 0.0021249 0.0672477
0.0003648 0.0003648 0.0232458
0.0003648 0.0021249 0.0003648
0.0003648 0.0021249 0.0003648
0.0003648 0.0038850 0.0003648
0.0003648 0.0021249 0.0003648
0.0021249 0.0038850 0.0021249
0.0021249 0.0003648 0.0021249
0.0021249 0.0003648 0.0003648
0.0003648 0.0021249 0.0038850
0.0003648 0.0074051 0.0003648
0.0074051 0.0091652 0.0038850
0.0038850 0.0038850 0.0056450
0.0003648 0.0038850 0.0003648
0.0003648 0.0021249 0.0003648
0.0021249 0.0003648 0.0003648
0.0003648 0.0003648 0.0021249
0.0003648 0.0003648 0.0021249
0.0003648 0.0021249 0.0003648
0.0074051 0.0056450 0.0021249
0.0021249 0.0074051 0.0003648
0.0003648 0.0021249 0.0003648
0.0003648 0.0021249 0.0074051
0.0038850 0.0021249 0.0003648
0.0003648 0.0021249 0.0003648
0.0003648 0.0003648 0.0038850
0.0021249 0.0003648 0.0003648
0.0003648 0.0003648 0.0021249
0.0003648 0.0003648 0.0021249
0.0021249 0.0003648 0.0003648
0.0021249 0.0003648 0.0003648
0.0003648 0.0021249 0.0003648
0.0021249 0.0003648 0.0021249
0.0021249 0.0003648 0.0021249
0.0021249 0.0003648 0.0003648
0.0021249 0.0021249 0.0003648
0.0003648 0.0003648 0.0021249
0.0003648 0.0003648 0.0021249
0.0003648 0.0003648 0.0021249
0.0003648 0.0021249 0.0003648
0.0021249 0.0021249 0.0021249
0.0038850 0.0003648 0.0003648
0.0056450 0.0056450 0.0126854
0.0003648 0.0003648 0.0021249
0.0021249 0.0003648 0.0003648
0.0003648 0.0003648 0.0021249
0.0003648 0.0021249 0.0003648
0.0021249 0.0021249 0.0021249
0.0021249 0.0021249 0.0003648
0.0038850 0.0021249 0.0003648
0.0021249 0.0038850 0.0021249
0.0021249 0.0038850 0.0074051
0.0003648 0.0021249 0.0003648
0.0003648 0.0003648 0.0021249
0.0021249 0.0003648 0.0338063
0.0003648 0.0021249 0.0003648
0.0056450 0.0038850 0.0038850
0.0003648 0.0003648 0.0021249
0.0091652 0.0003648 0.0003648
0.0021249 0.0003648 0.0003648
0.0126854 0.0197257 0.0179656
0.0109253 0.0003648 0.0038850
0.0003648 0.0021249 0.0021249
0.0003648 0.0021249 0.0003648
0.0003648 0.0003648 0.0021249
0.0021249 0.0003648 0.0003648
0.0074051 0.0003648 0.0003648
0.0021249 0.0003648 0.0003648
0.0021249 0.0003648 0.0003648
0.0021249 0.0003648 0.0003648
0.0038850 0.0021249 0.0021249
0.0021249 0.0003648 0.0038850
0.0003648 0.0003648 0.0021249
0.0003648 0.0021249 0.0197257
0.0021249 0.0003648 0.0003648
0.0003648 0.0003648 0.0021249
0.0056450 0.0056450 0.0109253
0.0038850 0.0003648 0.0003648
0.0126854 0.0003648 0.0003648
0.0003648 0.0003648 0.0021249
0.0056450 0.0074051 0.0021249
0.0021249 0.0003648 0.0003648
0.0144454 0.0003648 0.0003648
0.0003648 0.0021249 0.0003648
0.0003648 0.0003648 0.0091652
0.0003648 0.0003648 0.0021249
0.0021249 0.0003648 0.0003648
0.0003648 0.0056450 0.0003648
0.0021249 0.0003648 0.0021249
0.0003648 0.0021249 0.0003648
0.0003648 0.0003648 0.0038850
0.0038850 0.0003648 0.0003648
0.0003648 0.0021249 0.0038850
0.0038850 0.0003648 0.0021249
0.0003648 0.0038850 0.0003648
0.0021249 0.0021249 0.0021249
0.0003648 0.0003648 0.0021249
0.0250059 0.0003648 0.0021249
0.0003648 0.0003648 0.0126854
0.0021249 0.0003648 0.0003648
0.0003648 0.0003648 0.0021249
0.0003648 0.0003648 0.0021249
0.0003648 0.0021249 0.0021249
0.0056450 0.0003648 0.0003648
0.0021249 0.0003648 0.0003648
0.0038850 0.0003648 0.0003648
0.0003648 0.0021249 0.0003648
0.0003648 0.0021249 0.0003648
0.0003648 0.0003648 0.0021249
0.0003648 0.0003648 0.0021249
0.0021249 0.0003648 0.0003648
0.0021249 0.0021249 0.0021249
0.0074051 0.0021249 0.0003648
0.0021249 0.0021249 0.0003648
0.0056450 0.0003648 0.0003648
0.0021249 0.0003648 0.0003648
0.0003648 0.0003648 0.0021249
0.0003648 0.0021249 0.0003648
0.0003648 0.0021249 0.0003648
0.0003648 0.0003648 0.0038850
0.0038850 0.0038850 0.0003648
0.0021249 0.0021249 0.0021249
0.0003648 0.0021249 0.0003648
0.0003648 0.0003648 0.0021249
0.0003648 0.0021249 0.0003648
0.0091652 0.0021249 0.0003648
0.0003648 0.0021249 0.0003648
0.0021249 0.0003648 0.0003648
0.0003648 0.0021249 0.0003648
0.0003648 0.0003648 0.0021249
0.0021249 0.0003648 0.0021249
0.0021249 0.0021249 0.0003648
0.0074051 0.0021249 0.0038850
0.0038850 0.0074051 0.0021249
0.0003648 0.0021249 0.0003648
0.0021249 0.0038850 0.0003648
0.0003648 0.0038850 0.0003648
0.0003648 0.0021249 0.0003648
0.0021249 0.0003648 0.0003648
0.0003648 0.0021249 0.0003648
0.0003648 0.0003648 0.0021249
0.0003648 0.0021249 0.0003648
0.0021249 0.0003648 0.0003648
0.0003648 0.0021249 0.0003648
0.0003648 0.0003648 0.0021249
0.0021249 0.0003648 0.0126854
0.0003648 0.0003648 0.0021249
0.0021249 0.0003648 0.0003648
0.0003648 0.0021249 0.0003648
0.0038850 0.0003648 0.0003648
0.0003648 0.0021249 0.0003648
0.0003648 0.0003648 0.0021249
0.0021249 0.0003648 0.0003648
0.0003648 0.0003648 0.0021249
0.0021249 0.0003648 0.0003648
0.0021249 0.0003648 0.0003648
0.0003648 0.0003648 0.0021249
0.1182899 0.0003648 0.0038850
0.0021249 0.0003648 0.0003648
0.0021249 0.0003648 0.0003648
0.0021249 0.0003648 0.0003648
0.0021249 0.0003648 0.0003648
0.0056450 0.0056450 0.0302861
0.0003648 0.0021249 0.0003648
0.0021249 0.0003648 0.0038850
0.0003648 0.0038850 0.0003648
0.0003648 0.0003648 0.0074051
0.0021249 0.0021249 0.0021249
0.0021249 0.0003648 0.0021249
0.0003648 0.0003648 0.0021249
0.0003648 0.0021249 0.0003648
0.0514070 0.0637276 0.0531671
0.0003648 0.0003648 0.0021249
0.0003648 0.0038850 0.0003648
0.0003648 0.0074051 0.0003648
0.0038850 0.0056450 0.0038850
0.0074051 0.0038850 0.0038850
0.0003648 0.0003648 0.0021249
0.0038850 0.0003648 0.0003648
0.0021249 0.0074051 0.0003648
0.0197257 0.0214857 0.0250059
0.0021249 0.0021249 0.0373264
0.0021249 0.0003648 0.0038850
0.0003648 0.0038850 0.0003648
0.0003648 0.0021249 0.0003648
0.0021249 0.0003648 0.0003648
0.0056450 0.0003648 0.0003648
0.0003648 0.0003648 0.0021249
0.0056450 0.0038850 0.0003648
0.0003648 0.0021249 0.0038850
0.0003648 0.0021249 0.0003648
0.0003648 0.0021249 0.0003648
0.0003648 0.0003648 0.0021249
0.0038850 0.0056450 0.0003648
0.0232458 0.0197257 0.0162055
0.0003648 0.0003648 0.0162055
0.0021249 0.0003648 0.0003648
0.0179656 0.0144454 0.0126854
0.0126854 0.0003648 0.0003648
0.0021249 0.0003648 0.0003648
0.0126854 0.0003648 0.0003648
0.0074051 0.0091652 0.0091652
0.0021249 0.0003648 0.0021249
0.0003648 0.0003648 0.0021249
0.0003648 0.0003648 0.0021249
0.0021249 0.0003648 0.0003648
0.0021249 0.0003648 0.0021249
0.0003648 0.0003648 0.0056450
0.0003648 0.0003648 0.0267660
0.0003648 0.0021249 0.0003648
0.0003648 0.0003648 0.0038850
0.0003648 0.0003648 0.0637276
0.0021249 0.0003648 0.0003648
0.0003648 0.0003648 0.0021249
0.0003648 0.0038850 0.0250059
0.0003648 0.0003648 0.0074051
0.0021249 0.0003648 0.0003648
0.0003648 0.0021249 0.0003648
0.0021249 0.0021249 0.0021249
0.0003648 0.0021249 0.0003648
0.0021249 0.0003648 0.0003648
0.0021249 0.0003648 0.0144454
0.0003648 0.0003648 0.0021249
0.0003648 0.0003648 0.0021249
0.0038850 0.0003648 0.0003648
0.0003648 0.0021249 0.0003648
0.0003648 0.0021249 0.0003648
0.0056450 0.0003648 0.0144454
0.0021249 0.0003648 0.0003648
0.0003648 0.0003648 0.0021249
0.0003648 0.0003648 0.0250059
0.0021249 0.0003648 0.0003648
0.0038850 0.0038850 0.0003648
0.0003648 0.0021249 0.0003648
0.0003648 0.0056450 0.0003648
0.0038850 0.0021249 0.0003648
0.0021249 0.0109253 0.0056450
0.0003648 0.0021249 0.0003648
0.0003648 0.0003648 0.0038850
0.0003648 0.0003648 0.0021249
0.0003648 0.0003648 0.0021249
0.0021249 0.0003648 0.0003648
0.0021249 0.0021249 0.0003648
0.0003648 0.0021249 0.0197257
0.0003648 0.0021249 0.0003648
0.0021249 0.0003648 0.0003648
0.0021249 0.0003648 0.0003648
0.0021249 0.0021249 0.0074051
0.0003648 0.0038850 0.0003648
0.0038850 0.0003648 0.0003648
0.0003648 0.0074051 0.0038850
0.0021249 0.0003648 0.0003648
0.0021249 0.0003648 0.0003648
0.0021249 0.0003648 0.0003648
0.0021249 0.0021249 0.0021249
0.0056450 0.0021249 0.0003648
0.0162055 0.0038850 0.0056450
0.0003648 0.0021249 0.0003648
0.0021249 0.0038850 0.0003648
0.0021249 0.0003648 0.0003648
0.0109253 0.0003648 0.0038850
0.0003648 0.0003648 0.0021249
0.0003648 0.0003648 0.0021249
0.0003648 0.0021249 0.0003648
0.0021249 0.0003648 0.0003648
0.0021249 0.0021249 0.0021249
0.0003648 0.0038850 0.0003648
0.0038850 0.0003648 0.0091652
0.0056450 0.0021249 0.0021249
0.0109253 0.0003648 0.0038850
0.0021249 0.0003648 0.0003648
0.0003648 0.0003648 0.0021249
0.0003648 0.0021249 0.0003648
0.0003648 0.0021249 0.0179656
0.0003648 0.0003648 0.0038850
0.0038850 0.0003648 0.0003648
0.0003648 0.0003648 0.0038850
0.0021249 0.0003648 0.0003648
0.0021249 0.0003648 0.0003648
0.0637276 0.0091652 0.0038850
0.0003648 0.0021249 0.0003648
0.0003648 0.0003648 0.0021249
0.0074051 0.0003648 0.0003648
0.0056450 0.0074051 0.0003648
0.0003648 0.0003648 0.0021249
0.0021249 0.0003648 0.0021249
0.0003648 0.0003648 0.0021249
0.0003648 0.0021249 0.0003648
0.0021249 0.0003648 0.0003648
0.0021249 0.0021249 0.0003648
0.0021249 0.0003648 0.0003648
0.0003648 0.0003648 0.0021249
0.0109253 0.0038850 0.0021249
0.0021249 0.0003648 0.0021249
0.0021249 0.0003648 0.0003648
0.0461268 0.0038850 0.0021249
0.0003648 0.0003648 0.0021249
0.0003648 0.0003648 0.0021249
0.0003648 0.0003648 0.0074051
0.0003648 0.0021249 0.0021249
0.0021249 0.0003648 0.0003648
0.0003648 0.0003648 0.0021249
0.0003648 0.0003648 0.0021249
0.0003648 0.0038850 0.0003648
0.0021249 0.0003648 0.0003648
0.0003648 0.0021249 0.0003648
0.0003648 0.0003648 0.0021249
0.0003648 0.0109253 0.0003648
0.0003648 0.0003648 0.0056450
0.0003648 0.0021249 0.0021249
0.0003648 0.0038850 0.0003648
0.0038850 0.0074051 0.0126854
0.0021249 0.0003648 0.0003648
0.0021249 0.0021249 0.0003648
0.0021249 0.0003648 0.0003648
0.0021249 0.0074051 0.0003648
0.0003648 0.0003648 0.0021249
0.0021249 0.0003648 0.0003648
0.0021249 0.0003648 0.0003648
0.0021249 0.0021249 0.0056450
0.0021249 0.0003648 0.0355663
0.0003648 0.0021249 0.0003648
0.0038850 0.0003648 0.0003648
0.0021249 0.0003648 0.0003648
0.0021249 0.0003648 0.0003648
0.0795682 0.0637276 0.0742880
0.0250059 0.0250059 0.0214857
0.0003648 0.0003648 0.0074051
0.0021249 0.0003648 0.0003648
0.0003648 0.0021249 0.0003648
0.0021249 0.0003648 0.0003648
0.0003648 0.0021249 0.0056450
0.0003648 0.0038850 0.0003648
0.0021249 0.0021249 0.0003648
0.0038850 0.0003648 0.0003648
0.1042093 0.0003648 0.0003648
0.0021249 0.0091652 0.0144454
0.0021249 0.0003648 0.0003648
0.0056450 0.0003648 0.0003648
0.0038850 0.0038850 0.0038850
0.0003648 0.0003648 0.0021249
0.0021249 0.0003648 0.0320462
0.0038850 0.0038850 0.0021249
0.0003648 0.0003648 0.0038850
0.0003648 0.0021249 0.0003648
0.0003648 0.0003648 0.0021249
0.0003648 0.0003648 0.0056450
0.0003648 0.0003648 0.0021249
0.0021249 0.0003648 0.0373264
0.0021249 0.0003648 0.0003648
0.0021249 0.0021249 0.0003648
0.0003648 0.0021249 0.0003648
0.0021249 0.0003648 0.0003648
0.0074051 0.0021249 0.0003648
0.0003648 0.0003648 0.0021249
0.0021249 0.0003648 0.0003648
0.0003648 0.0021249 0.0003648
0.0091652 0.0021249 0.0003648
0.1200500 0.0021249 0.0021249
0.0126854 0.0144454 0.0214857
0.0056450 0.0197257 0.0091652
0.0003648 0.0003648 0.0021249
0.0003648 0.0021249 0.0003648
0.0038850 0.0109253 0.0021249
0.0003648 0.0074051 0.0056450
0.0003648 0.0003648 0.0021249
0.0003648 0.0021249 0.0003648
0.0003648 0.0021249 0.0003648
0.0003648 0.0003648 0.0021249
0.1130097 0.0883686 0.1482112
0.0003648 0.0038850 0.0003648
0.0003648 0.0021249 0.0003648
0.0003648 0.0003648 0.0021249
0.0003648 0.0003648 0.0056450
0.0038850 0.0021249 0.0003648
0.0021249 0.0003648 0.0038850
0.0074051 0.0056450 0.0126854
0.0021249 0.0021249 0.0003648
0.0021249 0.0056450 0.0021249
0.0003648 0.0003648 0.0021249
0.0003648 0.0021249 0.0038850
0.0091652 0.0056450 0.0038850
0.0038850 0.0003648 0.0003648
0.0021249 0.0003648 0.0003648
0.0003648 0.0021249 0.0003648
0.0056450 0.0003648 0.0021249
0.0021249 0.0003648 0.0003648
0.0003648 0.0003648 0.0038850
0.0021249 0.0003648 0.0003648
0.0003648 0.0003648 0.0038850
0.0021249 0.0003648 0.0003648
0.0003648 0.0038850 0.0197257
0.0003648 0.0003648 0.0038850
0.0003648 0.0021249 0.0038850
0.0021249 0.0021249 0.0021249
0.0003648 0.0038850 0.0003648
0.0021249 0.0021249 0.0003648
0.0003648 0.0021249 0.0021249
0.0021249 0.0003648 0.0003648
0.0021249 0.0003648 0.0003648
0.0003648 0.0003648 0.0021249
0.0021249 0.0021249 0.0021249
0.0021249 0.0003648 0.0003648
0.0003648 0.0003648 0.0021249
0.0003648 0.0003648 0.0056450
0.0003648 0.0021249 0.0003648
0.0003648 0.0003648 0.0021249
0.0021249 0.0021249 0.0021249
0.0021249 0.0003648 0.0003648
0.0038850 0.0003648 0.0003648
0.0021249 0.0003648 0.0003648
0.0003648 0.0003648 0.0038850
0.0021249 0.0056450 0.0003648
0.0038850 0.0003648 0.0021249
0.0003648 0.0003648 0.0021249
0.0021249 0.0021249 0.0021249
0.0443667 0.0003648 0.0003648
0.0021249 0.0003648 0.0003648
0.0091652 0.0056450 0.0003648
0.0021249 0.0003648 0.0003648
0.0021249 0.0003648 0.0003648
0.0003648 0.0003648 0.0021249
0.0021249 0.0003648 0.0003648
0.0003648 0.0003648 0.0021249
0.0003648 0.0003648 0.0056450
0.0021249 0.0003648 0.0003648
0.0003648 0.0003648 0.0056450
0.0021249 0.0003648 0.0021249
0.0003648 0.0056450 0.0003648
0.0021249 0.0003648 0.0003648
0.0056450 0.0021249 0.0038850
0.0056450 0.0003648 0.0003648
0.0021249 0.0003648 0.0003648
0.0021249 0.0003648 0.0003648
0.0003648 0.0038850 0.0003648
0.0038850 0.0003648 0.0003648
0.0021249 0.0003648 0.0003648
0.0021249 0.0056450 0.0003648
0.0021249 0.0003648 0.0003648
0.0021249 0.0021249 0.0021249
0.0003648 0.0003648 0.0021249
0.0038850 0.0021249 0.0003648
0.0003648 0.0003648 0.0021249
0.0003648 0.0021249 0.0003648
0.0021249 0.0003648 0.0003648
0.0003648 0.0021249 0.0003648
0.0003648 0.0021249 0.0003648
0.0038850 0.0003648 0.0003648
0.0003648 0.0021249 0.0003648
0.0021249 0.0003648 0.0003648
0.0038850 0.0038850 0.0021249
0.0654876 0.0179656 0.0126854
0.0021249 0.0003648 0.0003648
0.0021249 0.0003648 0.0003648
0.0038850 0.0021249 0.0021249
0.0021249 0.0003648 0.0003648
0.0038850 0.0003648 0.0003648
0.0021249 0.0003648 0.0003648
0.0003648 0.0003648 0.0021249
0.0021249 0.0003648 0.0021249
0.0003648 0.0021249 0.0003648
0.0003648 0.0021249 0.0003648
0.0003648 0.0003648 0.0056450
0.0003648 0.0021249 0.0003648
0.0038850 0.0021249 0.0021249
0.0003648 0.0021249 0.0003648
0.0056450 0.0021249 0.0038850
0.0021249 0.0003648 0.0003648
0.0021249 0.0003648 0.0003648
0.0003648 0.0021249 0.0003648
0.0021249 0.0003648 0.0003648
0.0038850 0.0003648 0.0003648
0.0021249 0.0021249 0.0021249
0.0003648 0.0021249 0.0003648
0.0056450 0.0003648 0.0021249
0.0003648 0.0003648 0.0021249
0.0021249 0.0003648 0.0003648
0.0003648 0.0003648 0.0144454
0.0021249 0.0003648 0.0003648
0.0021249 0.0003648 0.0003648
0.0003648 0.0003648 0.0021249
0.0003648 0.0003648 0.0021249
0.0021249 0.0021249 0.0056450
0.0038850 0.0003648 0.0003648
0.0003648 0.0003648 0.0021249
0.0021249 0.0003648 0.0003648
0.0003648 0.0021249 0.0003648
0.0021249 0.0021249 0.0021249
0.0021249 0.0003648 0.0003648
0.0003648 0.0003648 0.0021249
0.0003648 0.0003648 0.0021249
0.0003648 0.0003648 0.0038850
0.0003648 0.0003648 0.0021249
0.0021249 0.0003648 0.0003648
0.0021249 0.0056450 0.0021249
0.0021249 0.0003648 0.0003648
0.0003648 0.0003648 0.0021249
0.0056450 0.0056450 0.0302861
0.0021249 0.0003648 0.0003648
0.0197257 0.0109253 0.0126854
0.0021249 0.0003648 0.0003648
0.0003648 0.0003648 0.0144454
0.0021249 0.0003648 0.0003648
0.0038850 0.0038850 0.0003648
0.0003648 0.0003648 0.0038850
0.0056450 0.0109253 0.0056450
0.0003648 0.0003648 0.0021249
0.0074051 0.0003648 0.0003648
0.0021249 0.0021249 0.0003648
0.0021249 0.0003648 0.0003648
0.0021249 0.0003648 0.0003648
0.0021249 0.0056450 0.0003648
0.0021249 0.0003648 0.0003648
0.0003648 0.0021249 0.0003648
0.0021249 0.0003648 0.0003648
0.0003648 0.0021249 0.0003648
0.0056450 0.0003648 0.0074051
0.0021249 0.0003648 0.0003648
0.0003648 0.0003648 0.0021249
0.0074051 0.0021249 0.0038850
0.0003648 0.0021249 0.0003648
0.0003648 0.0003648 0.0021249
0.0003648 0.0003648 0.0056450
0.0003648 0.0003648 0.0021249
0.0003648 0.0003648 0.0021249
0.0003648 0.0003648 0.0091652
0.0003648 0.0021249 0.0003648
0.0003648 0.0302861 0.0003648
0.0003648 0.0021249 0.0003648
0.0003648 0.0021249 0.0003648
0.0003648 0.0021249 0.0003648
0.0003648 0.0003648 0.0038850
0.0003648 0.0003648 0.0021249
0.0003648 0.0003648 0.0021249
0.0003648 0.0021249 0.0074051
0.0038850 0.0003648 0.0038850
0.0003648 0.0003648 0.0021249
0.0003648 0.0003648 0.0021249
0.0056450 0.0038850 0.0021249
0.0003648 0.0021249 0.0003648
0.0003648 0.0003648 0.0021249
0.0003648 0.0021249 0.0003648
0.0003648 0.0021249 0.0003648
0.0003648 0.0003648 0.0038850
0.0021249 0.0003648 0.0003648
0.0003648 0.0003648 0.0038850
0.0003648 0.0021249 0.0003648
0.0003648 0.0021249 0.0003648
0.0021249 0.0021249 0.0003648
0.0003648 0.0021249 0.0003648
0.0003648 0.0003648 0.0021249
0.0003648 0.0003648 0.0021249
0.0003648 0.0038850 0.0003648
0.0003648 0.0003648 0.0021249
0.0021249 0.0074051 0.0056450
0.0021249 0.0021249 0.0003648
0.0003648 0.0003648 0.0021249
0.0038850 0.0074051 0.0056450
0.0003648 0.0003648 0.0021249
0.0056450 0.0021249 0.0003648
0.0003648 0.0003648 0.0021249
0.0003648 0.0021249 0.0003648
0.0003648 0.0021249 0.0003648
0.0003648 0.0003648 0.0021249
0.0021249 0.0003648 0.0003648
0.0021249 0.0003648 0.0021249
0.0021249 0.0021249 0.0021249
0.0003648 0.0021249 0.0003648
0.0021249 0.0003648 0.0003648
0.0021249 0.0003648 0.0003648
0.0021249 0.0021249 0.0003648
0.0021249 0.0038850 0.0003648
0.0549272 0.0021249 0.0021249
0.0461268 0.0056450 0.0021249
0.0003648 0.0021249 0.0021249
0.0003648 0.0003648 0.0021249
0.0003648 0.0003648 0.0443667
0.0038850 0.0003648 0.0003648
0.0003648 0.0003648 0.0021249
0.0021249 0.0003648 0.0021249
0.0021249 0.0038850 0.0021249
0.0038850 0.0074051 0.0038850
0.0003648 0.0038850 0.0003648
0.0021249 0.0003648 0.0003648
0.0021249 0.0003648 0.0003648
0.0021249 0.0003648 0.0003648
0.0003648 0.0003648 0.0021249
0.0179656 0.0021249 0.0056450
0.0038850 0.0003648 0.0003648
0.0021249 0.0021249 0.0038850
0.0003648 0.0021249 0.0003648
0.0021249 0.0003648 0.0003648
0.0021249 0.0021249 0.0003648
0.0021249 0.0003648 0.0021249
0.0003648 0.0021249 0.0021249
0.0003648 0.0021249 0.0003648
0.0003648 0.0003648 0.0021249
0.0003648 0.0003648 0.0021249
0.0021249 0.0003648 0.0003648
0.0056450 0.0021249 0.0003648
0.0003648 0.0021249 0.0003648
0.0003648 0.0056450 0.0003648
0.0003648 0.0021249 0.0003648
0.0003648 0.0003648 0.0021249
0.0003648 0.0003648 0.0866085
0.0003648 0.0003648 0.0021249
0.0021249 0.0003648 0.0003648
0.0126854 0.0232458 0.0109253
0.0003648 0.0021249 0.0003648
0.0003648 0.0021249 0.0021249
0.0003648 0.0021249 0.0003648
0.0021249 0.0021249 0.0003648
0.0003648 0.0003648 0.0074051
0.0003648 0.0003648 0.0021249
0.0003648 0.0021249 0.0003648
0.0003648 0.0038850 0.0003648
0.0003648 0.0021249 0.0003648
0.0021249 0.0003648 0.0003648
0.0003648 0.0021249 0.0003648
0.0021249 0.0003648 0.0003648
0.1042093 0.0003648 0.0003648
0.0003648 0.0003648 0.0021249
0.0003648 0.0003648 0.0038850
0.0021249 0.0003648 0.0003648
0.0126854 0.0197257 0.0056450
0.1429310 0.3523800 0.1165298
0.0056450 0.0021249 0.0003648
0.0003648 0.0021249 0.0003648
0.0021249 0.0003648 0.0003648
0.0021249 0.0021249 0.0021249
0.0056450 0.0003648 0.0038850
0.0038850 0.0109253 0.0021249
0.0038850 0.0021249 0.0003648
0.0038850 0.0003648 0.0003648
0.0443667 0.0443667 0.0320462
0.0109253 0.0056450 0.0091652
0.0109253 0.0144454 0.0144454
0.0003648 0.0021249 0.0003648
0.0038850 0.0021249 0.0003648
0.0003648 0.0021249 0.0003648
0.0003648 0.0021249 0.0021249
0.0021249 0.0003648 0.0003648
0.0003648 0.0038850 0.0074051
0.0003648 0.0021249 0.0003648
0.0021249 0.0003648 0.0003648
0.0021249 0.0003648 0.0003648
0.0267660 0.0250059 0.0197257
0.0003648 0.0003648 0.0021249
0.0038850 0.0003648 0.0003648
0.0003648 0.0021249 0.0003648
0.0003648 0.0003648 0.0267660
0.0003648 0.0038850 0.0003648
0.0021249 0.0003648 0.0003648
0.0003648 0.0003648 0.0021249
0.0003648 0.0038850 0.0003648
0.0003648 0.0003648 0.0091652
0.0003648 0.0003648 0.0021249
0.0144454 0.0003648 0.0003648
0.0003648 0.0003648 0.0144454
0.0038850 0.0003648 0.0021249
0.0038850 0.0021249 0.0003648
0.0003648 0.0003648 0.0091652
0.0003648 0.0003648 0.0021249
0.0021249 0.0003648 0.0021249
0.0021249 0.0003648 0.0003648
0.0003648 0.0003648 0.0021249
0.0003648 0.0021249 0.0003648
0.0003648 0.0003648 0.0056450
0.0074051 0.0021249 0.0003648
0.1130097 0.0003648 0.0003648
0.0038850 0.0003648 0.0038850
0.0021249 0.0003648 0.0003648
0.0021249 0.0003648 0.0003648
0.0003648 0.0021249 0.0003648
0.0003648 0.0003648 0.0021249
0.0003648 0.0021249 0.0003648
0.0003648 0.0003648 0.0021249
0.0021249 0.0003648 0.0003648
0.0003648 0.0021249 0.0003648
0.0038850 0.0021249 0.0038850
0.0003648 0.0003648 0.0021249
0.0056450 0.0003648 0.0003648
0.0021249 0.0021249 0.0003648
0.0003648 0.0021249 0.0003648
0.0021249 0.0038850 0.0003648
0.0003648 0.0021249 0.0003648
0.0003648 0.0056450 0.0003648
0.0021249 0.0003648 0.0003648
0.0021249 0.0021249 0.0003648
0.0021249 0.0003648 0.0021249
0.0003648 0.0021249 0.0003648
0.0021249 0.0003648 0.0003648
0.0003648 0.0003648 0.0021249
0.0003648 0.0003648 0.0038850
0.0038850 0.0056450 0.0003648
0.0003648 0.0003648 0.0021249
0.0021249 0.0003648 0.0021249
0.0003648 0.0003648 0.0021249
0.0021249 0.0003648 0.0003648
0.0003648 0.0003648 0.0021249
0.0038850 0.0091652 0.0074051
0.0038850 0.0003648 0.0074051
0.0003648 0.0003648 0.0021249
0.0056450 0.0074051 0.0021249
0.0021249 0.0056450 0.0074051
0.0021249 0.0003648 0.0003648
0.0021249 0.0003648 0.0003648
0.0021249 0.0003648 0.0003648
0.0003648 0.0003648 0.0038850
0.0003648 0.0003648 0.0038850
0.0003648 0.0021249 0.0003648
0.0021249 0.0003648 0.0003648
0.0021249 0.0003648 0.0003648
0.0021249 0.0003648 0.0003648
0.0003648 0.0021249 0.0003648
0.0144454 0.0162055 0.0144454
0.0038850 0.0021249 0.0038850
0.0021249 0.0038850 0.0021249
0.0003648 0.0021249 0.0021249
0.0021249 0.0003648 0.0003648
0.0021249 0.0003648 0.0003648
0.0056450 0.0021249 0.0074051
0.0021249 0.0003648 0.0003648
0.0003648 0.0038850 0.0250059
0.0021249 0.0021249 0.0003648
0.0003648 0.0038850 0.0003648
0.0038850 0.0003648 0.0003648
0.0021249 0.0003648 0.0003648
0.0584473 0.0144454 0.0179656
0.0021249 0.0003648 0.0003648
0.0003648 0.0003648 0.0056450
0.0003648 0.0126854 0.0144454
0.0021249 0.0003648 0.0003648
0.0056450 0.0056450 0.0021249
0.0091652 0.0056450 0.0038850
0.0003648 0.0003648 0.0021249
0.0003648 0.0003648 0.0021249
0.0003648 0.0021249 0.0003648
0.0074051 0.0021249 0.0003648
0.0021249 0.0056450 0.0056450
0.0021249 0.0003648 0.0003648
0.0003648 0.0003648 0.0320462
0.0003648 0.0021249 0.0003648
0.0003648 0.0021249 0.0003648
0.0003648 0.0038850 0.0003648
0.0038850 0.0003648 0.0003648
0.0003648 0.0003648 0.0021249
0.0003648 0.0003648 0.0021249
0.0003648 0.0003648 0.0021249
