0.4614280 0.8096337 0.2776036
0.1450380 0.3871912 0.0902442
0.0266127 0.0283803 0.0160075
0.0266127 0.0283803 0.0160075
0.0690337 0.2051344 0.0495908
0.0266127 0.0283803 0.0160075
0.0266127 0.0283803 0.0160075
0.2793712 0.2510905 0.1591783
0.0478232 0.1821564 0.0389855
0.1450380 0.3871912 0.0902442
0.2793712 0.2510905 0.1591783
0.1450380 0.3871912 0.0902442
0.0266127 0.0283803 0.0160075
0.0266127 0.0283803 0.0160075
0.0266127 0.0283803 0.0160075
0.0266127 0.0283803 0.0160075
0.0266127 0.0283803 0.0160075
0.0266127 0.0283803 0.0160075
0.0266127 0.0283803 0.0160075
